0,1,2
5.1269540563225746e-05,0.9992396831512451,0.0007090874714776874
0.05461198836565018,0.945188581943512,0.00019944673113059253
0.000816021696664393,0.9990935325622559,9.044719627127051e-05
0.7452329993247986,0.04887948930263519,0.20588749647140503
0.9985637068748474,0.0013543142704293132,8.200951560866088e-05
6.990705151110888e-05,0.9997110962867737,0.00021895708050578833
0.00022967247059568763,0.9997143149375916,5.597031849902123e-05
0.999862551689148,6.808424222981557e-05,6.939603190403432e-05
0.9996684789657593,6.481818854808807e-05,0.0002667155640665442
0.9995912909507751,3.706166899064556e-05,0.00037169718416407704
5.291625711834058e-05,0.9998101592063904,0.0001370002282783389
0.00014135439414530993,0.00011680777242872864,0.9997418522834778
5.0586299039423466e-05,0.9995383024215698,0.00041114940540865064
0.964171826839447,0.02916078083217144,0.0066674696281552315
5.3067826229380444e-05,0.9997988343238831,0.0001480725477449596
0.8497183322906494,0.14210113883018494,0.008180557750165462
0.012713862583041191,0.9857299327850342,0.0015562197659164667
0.9998340606689453,4.687267210101709e-05,0.0001190996408695355
0.999619722366333,0.00021233854931779206,0.00016787752974778414
5.285105362418108e-05,0.9998255372047424,0.00012168761168140918
5.7927336456486955e-05,0.9991084933280945,0.0008335360907949507
0.9990841150283813,0.0008381250081583858,7.771573291392997e-05
0.0010238674003630877,0.014321105554699898,0.9846550226211548
6.320317334029824e-05,0.9998026490211487,0.00013419636525213718
0.00040467671351507306,0.9993842840194702,0.0002109865308739245
0.9997078776359558,0.00025334430392831564,3.87556865462102e-05
0.00017088862659875304,0.9997702240943909,5.891840919503011e-05
0.9998335838317871,0.00010767273488454521,5.880162279936485e-05
9.26655629882589e-05,0.9994762539863586,0.00043107563396915793
0.03245515748858452,0.9539874196052551,0.013557355850934982
0.9998706579208374,4.994336995878257e-05,7.93916842667386e-05
0.03392992913722992,0.9657780528068542,0.0002920727420132607
5.558819975703955e-05,0.999734103679657,0.0002103004662785679
0.9998607635498047,5.667603181791492e-05,8.255055581685156e-05
0.9964720010757446,0.003433388192206621,9.472650708630681e-05
0.00013168426812626421,0.9998121857643127,5.617499482468702e-05
0.0012780020479112864,0.9976150989532471,0.001106931478716433
0.8497183322906494,0.14210113883018494,0.008180557750165462
0.00041223547304980457,0.0012392062926664948,0.998348593711853
0.0006662349915131927,6.406495958799496e-05,0.9992696642875671
0.00043561935308389366,0.9267807602882385,0.07278361916542053
0.0010909757111221552,0.9969316720962524,0.0019773594103753567
0.9987413287162781,0.0012141297338530421,4.447926039574668e-05
0.005544958170503378,0.9094316959381104,0.08502336591482162
0.03780572488903999,0.044609688222408295,0.9175845980644226
0.99980229139328,0.00014919741079211235,4.849467222811654e-05
0.9996535778045654,0.0002713274152483791,7.508796261390671e-05
0.00014813120651524514,0.9997370839118958,0.00011481185356387869
0.9893002510070801,0.004632186144590378,0.006067582871764898
6.972067785682157e-05,0.9998273253440857,0.00010295483662048355
4.988392174709588e-05,0.9997687935829163,0.0001813785929698497
0.9992658495903015,0.00018068825011141598,0.0005533977528102696
0.00022650898608844727,7.85815209383145e-05,0.9996949434280396
0.001024111290462315,0.7860274910926819,0.21294842660427094
0.0011466490104794502,0.00034120719647035,0.9985120892524719
0.00014980087871663272,0.00010354537516832352,0.9997466206550598
0.9998652935028076,4.835852814721875e-05,8.627221541246399e-05
5.072807107353583e-05,0.9998314380645752,0.00011785105743911117
0.9997979998588562,0.00015282654203474522,4.925893517793156e-05
0.999815046787262,9.980152390198782e-05,8.524014265276492e-05
0.8497183322906494,0.14210113883018494,0.008180557750165462
4.709585482487455e-05,0.9998158812522888,0.00013710139319300652
0.9765521287918091,0.023268822580575943,0.00017909985035657883
0.9992885589599609,6.268666766118258e-05,0.0006486965576186776
0.9998226761817932,8.080301631707698e-05,9.653015877120197e-05
0.5018727779388428,0.4973040521144867,0.0008231127867475152
0.985569179058075,0.0002677790180314332,0.014163036830723286
0.9917381405830383,0.008145399391651154,0.00011644545884337276
0.9997949004173279,0.00014336594904307276,6.168733671074733e-05
4.4149775931145996e-05,0.9998120665550232,0.0001438097533537075
7.006646046647802e-05,0.9998401403427124,8.971572970040143e-05
0.9992583394050598,0.0006767483428120613,6.492531974799931e-05
0.9747506976127625,0.024888040497899055,0.0003612746368162334
0.0022438117302954197,0.997642457485199,0.00011373913730494678
0.9998119473457336,8.304587390739471e-05,0.0001050563296303153
0.014952544122934341,0.004654292948544025,0.98039311170578
0.8497183322906494,0.14210113883018494,0.008180557750165462
0.6092062592506409,0.38973239064216614,0.0010614095954224467
4.9840564315672964e-05,0.9997957348823547,0.00015447509940713644
0.9994736313819885,0.000487436045659706,3.895572081091814e-05
0.07219267636537552,0.0014334499137476087,0.9263738393783569
0.0001010192499961704,0.00018535666458774358,0.9997135996818542
0.00010920827480731532,0.000262049725279212,0.9996287822723389
0.1588965654373169,0.8406553268432617,0.00044805346988141537
0.9997988343238831,0.0001036870526149869,9.752869664225727e-05
0.9998210072517395,0.00013347718049772084,4.556458952720277e-05
0.9996211528778076,4.403370985528454e-05,0.000334710261086002
0.0006534355925396085,0.9992875456809998,5.906173100811429e-05
0.9997363686561584,7.025737431831658e-05,0.00019325982430018485
0.3069395422935486,0.6922232508659363,0.0008371976437047124
0.8497183322906494,0.14210113883018494,0.008180557750165462
0.8512827754020691,0.0006927201757207513,0.14802446961402893
0.0013009874382987618,0.9985407590866089,0.0001582359691383317
3.788759568124078e-05,0.9996781349182129,0.0002840275119524449
5.1568807975854725e-05,0.9998315572738647,0.00011689537495840341
0.9852471351623535,0.014581977389752865,0.0001709310308797285
9.856907854555175e-05,0.9997583031654358,0.00014313773135654628
5.6971897720359266e-05,0.9997994303703308,0.0001435888116247952
0.0005283349892124534,0.9993485808372498,0.0001230580237461254
0.0004693079099524766,0.00011961337440880015,0.9994111061096191
5.042690463596955e-05,0.9997171759605408,0.0002323401131434366
0.0015225776005536318,0.06846387684345245,0.9300135970115662
0.00015520310262218118,0.999663233757019,0.00018157006707042456
0.00022217578953132033,0.999695897102356,8.191541564883664e-05
6.872766243759543e-05,0.9998406171798706,9.064424375537783e-05
0.0001531365269329399,0.00016546323604416102,0.9996814727783203
7.687738252570853e-05,0.9998342990875244,8.88258873601444e-05
0.9994490742683411,0.0004991276655346155,5.182996392250061e-05
0.0026808823458850384,0.3293437063694,0.6679754257202148
0.9998018145561218,0.00011332651047268882,8.48199415486306e-05
0.9998594522476196,7.76205924921669e-05,6.290771125350147e-05
0.9998458623886108,5.482847336679697e-05,9.934348781825975e-05
0.0004162259865552187,0.9995046854019165,7.904658559709787e-05
0.9918632507324219,0.007884116843342781,0.00025265433941967785
0.0008372501470148563,0.9990606904029846,0.00010204610589426011
0.0002740756026469171,0.9992601275444031,0.0004657803219743073
0.00037640120717696846,0.9984604120254517,0.001163243199698627
0.9998759031295776,6.188425322761759e-05,6.22202642261982e-05
0.008078968152403831,0.9915627241134644,0.00035826582461595535
0.9983528852462769,0.0013375644339248538,0.0003095627762377262
0.9994291663169861,0.00016674325161147863,0.0004039726045448333
0.0024350727908313274,0.7881214022636414,0.20944355428218842
0.00010291886428603902,0.0001730725052766502,0.9997239708900452
0.9995734095573425,0.00035590564948506653,7.06914797774516e-05
0.01710578054189682,0.0005328800179995596,0.982361376285553
0.05398609861731529,0.9455218315124512,0.0004920822684653103
0.04042451083660126,0.438238263130188,0.5213372111320496
0.00012637494364753366,0.0011183624155819416,0.9987553358078003
0.9995272159576416,0.00041605180012993515,5.668582525686361e-05
0.9945287108421326,0.00524244224652648,0.00022877505398355424
0.0009389450424350798,0.9212322235107422,0.07782884687185287
0.9996376037597656,6.692764145554975e-05,0.000295376346912235
0.0009359711548313498,0.9680182337760925,0.03104572556912899
0.006759173236787319,0.9894154071807861,0.0038253958337008953
0.9995319843292236,6.826786557212472e-05,0.00039981919690035284
0.9998530149459839,4.331979653215967e-05,0.0001037415349856019
0.9998747110366821,4.64271470264066e-05,7.87593744462356e-05
0.5067641735076904,0.49193525314331055,0.0013006080407649279
0.8497183322906494,0.14210113883018494,0.008180557750165462
0.004560748115181923,0.9952701926231384,0.00016907717508729547
5.852540925843641e-05,0.9997962117195129,0.00014532581553794444
5.1680577598745e-05,0.9996010661125183,0.0003472419048193842
9.614888404030353e-05,0.9986172914505005,0.0012865676544606686
0.1267164647579193,0.8704729080200195,0.002810681937262416
0.999850869178772,9.861704893410206e-05,5.058055467088707e-05
0.998414158821106,0.0014217300340533257,0.00016411469550803304
0.988576352596283,0.01097013708204031,0.0004534640465863049
0.9998791217803955,5.9658032114384696e-05,6.119381578173488e-05
0.008858331479132175,0.9842097759246826,0.006931849755346775
0.9992777705192566,8.185140904970467e-05,0.0006404242012649775
0.9983041286468506,0.0010496299946680665,0.0006462452001869678
0.9997606873512268,5.17764019605238e-05,0.0001875461166491732
0.9995661377906799,7.995094347279519e-05,0.0003539003664627671
0.6565083265304565,0.34251832962036133,0.0009733391925692558
0.8497183322906494,0.14210113883018494,0.008180557750165462
0.00020120464614592493,0.00011111565254395828,0.9996877908706665
0.003907805308699608,0.7911906242370605,0.2049015313386917
0.002020834479480982,8.555564272683114e-05,0.9978936314582825
0.005608828738331795,0.9940659999847412,0.00032514624763280153
7.446784729836509e-05,0.9998292922973633,9.615868475520983e-05
4.2546671465970576e-05,0.9997941851615906,0.00016330039943568408
0.04933810606598854,0.00025855147396214306,0.9504033923149109
0.9996616840362549,0.00021970907982904464,0.00011861360690090805
0.9979264736175537,0.001938727917149663,0.00013477190805133432
0.0001944358373293653,0.00015554793935734779,0.9996500015258789
0.00031166322878561914,0.0002516148961149156,0.9994366765022278
0.9998610019683838,4.35015135735739e-05,9.549996320856735e-05
0.9998636245727539,6.903766916366294e-05,6.738434603903443e-05
0.9655984044075012,0.03422718867659569,0.00017442872922401875
0.9998000264167786,3.913480759365484e-05,0.0001609048922546208
0.9998251795768738,0.00012907848577015102,4.582358815241605e-05
0.9943828582763672,0.005073838867247105,0.0005433014594018459
0.009911916218698025,0.001102988957427442,0.9889850616455078
0.9996547698974609,0.00029192844522185624,5.3231793572194874e-05
0.9997543692588806,0.00020502552797552198,4.0685343265067786e-05
0.9993582367897034,0.0005287557141855359,0.00011303290375508368
0.9961708188056946,0.003643698524683714,0.0001854430156527087
6.095088610891253e-05,0.999805748462677,0.00013326716725714505
0.0005917532253079116,0.9992443323135376,0.00016390283417422324
0.9996795654296875,0.0002730284468270838,4.7435092710657045e-05
0.9894954562187195,0.005756995175033808,0.0047475011087954044
9.2907233920414e-05,0.9996775388717651,0.00022960227215662599
0.9998369216918945,9.299421071773395e-05,7.013603317318484e-05
0.9804466962814331,0.017905084416270256,0.001648212200962007
0.9998574256896973,8.745554805500433e-05,5.503530701389536e-05
0.0003763181157410145,0.9995669722557068,5.667412915499881e-05
0.0004627891175914556,0.9994564652442932,8.080116094788536e-05
0.9994025230407715,9.835852688411251e-05,0.0004991056630387902
0.9985306262969971,0.0012942011235281825,0.00017508403107058257
0.0007730380166321993,0.9984246492385864,0.0008022949332371354
0.9928337335586548,0.00027661395142786205,0.006889640353620052
0.4221372902393341,0.008188107050955296,0.5696746110916138
5.873577174497768e-05,0.9998365640640259,0.00010461601050337777
5.503834108822048e-05,0.9996646642684937,0.0002803575189318508
0.000352153874700889,6.890463555464521e-05,0.9995790123939514
0.9774172306060791,0.008816470392048359,0.013766259886324406
0.9997177720069885,4.0070190152619034e-05,0.00024214046425186098
0.6614218950271606,0.22483040392398834,0.1137477457523346
4.3111755076097324e-05,0.9998103976249695,0.00014653099060524255
0.00011717529559973627,0.0006298053776845336,0.99925297498703
0.0003285854763817042,0.9962460398674011,0.003425412345677614
0.05517047643661499,0.7587706446647644,0.1860588639974594
0.996945321559906,0.0025530133862048388,0.0005016850773245096
0.00043441899470053613,0.0012338523520156741,0.9983317255973816
7.218957034638152e-05,0.9997356534004211,0.0001921714865602553
0.00023173197405412793,0.9954434633255005,0.0043248375877738
0.9704436659812927,0.006710840854793787,0.022845523431897163
0.9836640357971191,0.01605156622827053,0.00028451101388782263
0.001558844349347055,0.9960058331489563,0.0024352911859750748
9.028991917148232e-05,0.9998036026954651,0.00010616293002385646
0.9988616704940796,0.00013566120469477028,0.001002676784992218
9.323259291704744e-05,0.0008423345279879868,0.9990643858909607
0.00012253245222382247,0.00012079796579200774,0.9997566342353821
0.00019808379875030369,0.004357883706688881,0.9954440593719482
0.10077328234910965,0.8986899256706238,0.0005368356942199171
0.00019163271645084023,0.0002098997065331787,0.9995985627174377
4.4143886043457314e-05,0.9997702240943909,0.00018567625374998897
0.01031919289380312,0.9892995357513428,0.00038127071456983685
0.0688408613204956,0.9308107495307922,0.0003483775653876364
0.9990678429603577,0.0008228627266362309,0.00010929042036877945
0.8497183322906494,0.14210113883018494,0.008180557750165462
0.02838447503745556,0.9452471137046814,0.026368379592895508
0.9998177886009216,0.0001329311344306916,4.930968498229049e-05
0.0001443469664081931,0.000571867567487061,0.9992837309837341
0.0003149064432363957,0.9996284246444702,5.6664215662749484e-05
0.9998559951782227,7.855430885683745e-05,6.544745701830834e-05
0.007767126429826021,0.0009075123816728592,0.9913253784179688
0.00014742562780156732,0.00014745545922778547,0.9997051358222961
0.0005847875727340579,0.9992356300354004,0.00017963149002753198
0.000346084387274459,0.00011129879567306489,0.9995427131652832
0.9384831190109253,0.0017820363864302635,0.05973475053906441
0.8201131224632263,0.04311838746070862,0.13676846027374268
0.9802579283714294,0.018691107630729675,0.0010510269785299897
0.9613558053970337,0.03824352100491524,0.0004006462695542723
0.4134434461593628,0.0004573993501253426,0.5860990881919861
0.5364980101585388,0.0026324766222387552,0.46086952090263367
0.9994576573371887,0.0003789502661675215,0.00016337876149918884
0.999487042427063,0.00020224224135745317,0.00031067917007021606
5.7932502386393026e-05,0.9998257756233215,0.00011628836364252493
0.013695471920073032,0.9779128432273865,0.00839170441031456
0.00013420007599052042,0.00017773365834727883,0.9996881484985352
0.9952539205551147,0.004675157833844423,7.097789057297632e-05
0.00020954576029907912,9.342875273432583e-05,0.9996970891952515
0.9996203184127808,0.00034485169453546405,3.482918691588566e-05
7.481855573132634e-05,0.9983636736869812,0.0015615447191521525
9.13809344638139e-05,0.9998155236244202,9.317615331383422e-05
7.939329952932894e-05,0.9988188147544861,0.0011018102522939444
0.9998112320899963,8.633198740426451e-05,0.00010250105697195977
0.0001304647303186357,0.0007858292665332556,0.9990837574005127
6.0462611145339906e-05,0.9998030066490173,0.00013654636859428138
0.0059679546393454075,0.009060029871761799,0.9849719405174255
0.0002426639839541167,9.618635522201657e-05,0.9996612071990967
0.9998792409896851,6.220220529939979e-05,5.849170338478871e-05
0.9990142583847046,0.0008158118580467999,0.00016993007739074528
0.0007773893885314465,0.018133457750082016,0.9810891151428223
0.3256201446056366,0.673862874507904,0.0005170219228602946
0.12217162549495697,0.004174394533038139,0.8736540675163269
0.0012264479883015156,0.9975970387458801,0.0011764544760808349
8.618078572908416e-05,0.9996346235275269,0.0002792371960822493
0.0002835759078152478,0.9990267753601074,0.0006896009435877204
0.09531904011964798,0.0016666118754073977,0.9030143618583679
5.827151471748948e-05,0.999642014503479,0.0002997248957399279
0.004871244542300701,0.9758660793304443,0.01926272362470627
0.9348491430282593,0.0027862510178238153,0.06236453354358673
0.004792317748069763,0.0002000168606173247,0.9950076341629028
0.0004615923098754138,0.0010758413700386882,0.9984625577926636
0.00037348372279666364,0.999559223651886,6.722033867845312e-05
0.01418040506541729,0.8781728148460388,0.10764673352241516
0.00014205093611963093,0.00011494587670313194,0.9997430443763733
0.01562744751572609,0.0010657769162207842,0.9833068251609802
0.9961158037185669,0.00366711663082242,0.00021702416415791959
0.00010380905587226152,0.00016681019042152911,0.999729335308075
7.724992610746995e-05,0.9997828602790833,0.00013991957530379295
0.998115062713623,0.0017163275042548776,0.0001686463801888749
0.9872639179229736,0.00562242278829217,0.007113626226782799
0.9998536109924316,7.717637345194817e-05,6.928080983925611e-05
7.412723789457232e-05,0.9996976852416992,0.00022818298020865768
0.0007126865675672889,0.9991399049758911,0.00014735844160895795
5.862315811100416e-05,0.9998360872268677,0.00010527179256314412
0.9998495578765869,0.00010081969230668619,4.9559574108570814e-05
0.9995504021644592,0.00011121456191176549,0.0003384596493560821
0.9992927312850952,0.0006394200609065592,6.779708928661421e-05
0.009446924552321434,0.9904059767723083,0.0001470300485379994
0.0029488808941096067,0.5236431360244751,0.473408043384552
0.004634834825992584,0.9952736496925354,9.154978761216626e-05
0.00013643057900480926,0.9970126152038574,0.0028509641997516155
0.03568047657608986,0.9597786068916321,0.004540911875665188
0.9985225796699524,0.00014121795538812876,0.0013362980680540204
0.0002344281383557245,0.0012305579148232937,0.9985350370407104
0.9975873231887817,0.001685093273408711,0.0007276202086359262
6.955194112379104e-05,0.9997215867042542,0.00020885221601929516
0.9868810176849365,0.01299299392849207,0.00012594190775416791
0.00036211099359206855,0.999569833278656,6.806170131312683e-05
0.7429105639457703,0.24954503774642944,0.00754436943680048
0.9994409680366516,0.00046781532000750303,9.110302926274016e-05
0.9997468590736389,0.00021549267694354057,3.765166547964327e-05
0.999864935874939,4.2116738768527284e-05,9.291871538152918e-05
0.0045361751690506935,0.995341420173645,0.00012236196198500693
0.9998642206192017,6.275581108639017e-05,7.297240517800674e-05
8.456168143311515e-05,0.9998316764831543,8.36886465549469e-05
0.9996947050094604,6.63723549223505e-05,0.00023888341092970222
0.000702655699569732,0.9992349147796631,6.239565118448809e-05
0.0002218505396740511,0.0007448420510627329,0.9990333318710327
0.00020386051619425416,0.0003004542086273432,0.9994956254959106
0.7787877321243286,0.2206217348575592,0.0005904209683649242
0.9990270137786865,0.0008884685812518001,8.45385147840716e-05
0.26604512333869934,0.7158218026161194,0.018133128061890602
0.0022436166182160378,0.9976158142089844,0.0001405615039402619
0.02074609138071537,0.00012857475667260587,0.9791253209114075
0.9818083643913269,0.017962977290153503,0.00022865003847982734
0.9998619556427002,4.14446767535992e-05,9.655411849962547e-05
0.9996778964996338,0.00021606696827802807,0.00010609553282847628
0.9997854828834534,0.00015592697309330106,5.8692512538982555e-05
0.002731966320425272,0.9971898198127747,7.822553743608296e-05
0.0001539303921163082,0.9997099041938782,0.0001361931936116889
0.0008055670186877251,7.413947605527937e-05,0.99912029504776
0.01623227819800377,0.983059287071228,0.0007084697717800736
0.9998559951782227,4.721696677734144e-05,9.67433225014247e-05
0.8497183322906494,0.14210113883018494,0.008180557750165462
0.9457414150238037,0.05336359143257141,0.0008950265473686159
0.0001653091167099774,0.00026982484268955886,0.9995649456977844
0.0003360720875207335,0.00031234719790518284,0.9993515610694885
0.08283508569002151,0.9157671928405762,0.001397670479491353
0.00013122711970936507,0.9997830986976624,8.569916826672852e-05
0.9996432065963745,4.442036151885986e-05,0.0003123525530099869
0.9993813037872314,0.00027393086929805577,0.0003448126371949911
0.000326270645018667,0.9996005892753601,7.315005495911464e-05
0.00022490968694910407,0.0002907573652919382,0.9994843006134033
0.9588852524757385,0.03444373235106468,0.006671049632132053
0.00015146739315241575,0.00020226056221872568,0.9996463060379028
0.0002937714452855289,0.00036203840863890946,0.9993441700935364
0.3770686984062195,0.6223039031028748,0.0006273752078413963
0.58242267370224,0.005077609326690435,0.41249969601631165
0.99982750415802,0.00010223347635474056,7.016045856289566e-05
0.9998711347579956,6.698862125631422e-05,6.187392136780545e-05
0.9998561143875122,5.5800443078624085e-05,8.813563181320205e-05
0.9994446635246277,9.592316200723872e-05,0.00045944491284899414
0.007794453762471676,0.007007847540080547,0.9851977229118347
0.00023780210176482797,0.00020773657888639718,0.999554455280304
7.505319081246853e-05,0.9996234178543091,0.0003015599795617163
7.736359839327633e-05,0.999832272529602,9.031421359395608e-05
0.7499570250511169,0.2201257050037384,0.029917234554886818
0.05282894894480705,0.001686093513853848,0.9454850554466248
0.9998412132263184,6.334029603749514e-05,9.551956463837996e-05
0.0027940585277974606,0.053693730384111404,0.9435121417045593
0.004376485478132963,0.19594332575798035,0.7996801733970642
0.1579248458147049,0.8413207530975342,0.0007543955580331385
0.00011456048378022388,0.00018684753740672022,0.9996986389160156
0.0010527626145631075,0.35004734992980957,0.6488997936248779
0.0001618931273696944,0.999617338180542,0.00022078589245211333
0.004460442811250687,0.967516303062439,0.028023235499858856
0.013047760352492332,0.0008069400209933519,0.9861453771591187
0.00010522529919398949,0.9970021843910217,0.0028925661463290453
0.00019173701002728194,0.9959744811058044,0.0038338261656463146
0.031259018927812576,0.7438878417015076,0.22485317289829254
0.8497183322906494,0.14210113883018494,0.008180557750165462
0.9548683166503906,0.044655345380306244,0.0004764239420183003
0.0010223218705505133,0.7889754772186279,0.21000222861766815
0.9505693316459656,0.04914190620183945,0.0002887473674491048
0.9977479577064514,0.001792257302440703,0.0004598757659550756
0.00012871462968178093,0.00012433997471816838,0.9997469782829285
0.000384927581762895,0.996455729007721,0.0031592638697475195
0.9745882749557495,0.0084333885461092,0.016978325322270393
0.00031429206137545407,0.00011993916268693283,0.9995656609535217
0.0021563745103776455,0.9905097484588623,0.007333855144679546
0.0002625937631819397,0.00028722258866764605,0.999450147151947
4.87919278384652e-05,0.9997372031211853,0.0002139964490197599
0.0005053019849583507,0.9971869587898254,0.0023077670484781265
9.313769260188565e-05,0.999829888343811,7.698078115936369e-05
0.9989966750144958,0.0009251520968973637,7.810450188117102e-05
0.000292860233457759,0.9995867609977722,0.00012044559116475284
0.00026779703330248594,0.0002301518397871405,0.9995019435882568
0.004259972833096981,0.6946506500244141,0.301089346408844
0.9990007281303406,0.0007962649106048048,0.000203059651539661
0.9992604851722717,8.886164869181812e-05,0.000650598609354347
0.9998811483383179,6.959556048968807e-05,4.924129098071717e-05
0.9965652823448181,0.0004721218138001859,0.002962653525173664
0.9433502554893494,0.054444678127765656,0.002205054508522153
0.027818629518151283,0.0009958292357623577,0.9711856245994568
0.9997060894966125,4.907872062176466e-05,0.0002447401639074087
9.998838504543528e-05,0.9998087286949158,9.13124531507492e-05
0.9991852641105652,0.0002746715326793492,0.0005399981164373457
0.00018643301154952496,0.0003073075204156339,0.9995062351226807
0.0015646970132365823,0.16923187673091888,0.8292034268379211
0.9707030653953552,0.008112051524221897,0.021184829995036125
7.693748193560168e-05,0.9997250437736511,0.0001980501547222957
0.9996564388275146,0.00015603209612891078,0.00018758614896796644
0.9996508359909058,9.587626118445769e-05,0.00025323155568912625
0.007839026860892773,0.6054611206054688,0.3866998255252838
0.9507202506065369,0.04554314911365509,0.0037366547621786594
3.9952152292244136e-05,0.9996821880340576,0.000277932413155213
4.0844570321496576e-05,0.9997569918632507,0.0002021749533014372
0.0024338949006050825,0.6117096543312073,0.38585641980171204
0.00025860214373096824,0.9996554851531982,8.590792276663706e-05
0.0004997893702238798,0.00011957961396547034,0.9993805885314941
0.00013528841373044997,0.00035830086562782526,0.9995064735412598
0.06046556308865547,0.005876489914953709,0.9336580038070679
0.00012874152162112296,0.00012812274508178234,0.9997431635856628
0.9998574256896973,8.745554805500433e-05,5.503530701389536e-05
0.13722746074199677,0.0004944452084600925,0.8622781038284302
0.0001737986458465457,0.0001155165591626428,0.999710738658905
0.9974839687347412,0.00024579756427556276,0.002270173979923129
0.8774149417877197,0.0012379186227917671,0.12134714424610138
4.496897599892691e-05,0.9996366500854492,0.00031837017741054296
0.8497183322906494,0.14210113883018494,0.008180557750165462
0.978710949420929,0.02112680673599243,0.00016221027181018144
6.556203152285889e-05,0.9998123049736023,0.0001221371057908982
0.0008153398521244526,0.001426449976861477,0.9977582097053528
0.00014871329767629504,0.00012234257883392274,0.9997288584709167
4.2862673581112176e-05,0.9997380375862122,0.00021912487864028662
0.9998382329940796,4.361684113973752e-05,0.00011808644194388762
0.0029283061157912016,0.021184729412198067,0.9758870601654053
0.9997087121009827,0.0002064313302980736,8.481066470267251e-05
0.09610294550657272,0.9029543995857239,0.0009426090400665998
0.010862459428608418,0.00027420290280133486,0.9888633489608765
0.9231029748916626,0.07609773427248001,0.0007992329192347825
6.203741941135377e-05,0.9998377561569214,0.00010018038301495835
0.00011645828635664657,0.00024945882614701986,0.9996341466903687
5.873045665794052e-05,0.9998005032539368,0.00014073087368160486
0.9954206347465515,0.004501677118241787,7.766002818243578e-05
0.0007333445828408003,9.771435725269839e-05,0.9991689920425415
0.010765607468783855,0.9025523662567139,0.08668196946382523
0.00024338238290511072,7.27857113815844e-05,0.9996838569641113
0.9087409973144531,0.09071315079927444,0.0005458901869133115
8.033182530198246e-05,0.9992740750312805,0.0006456503178924322
4.5630316890310496e-05,0.9998167157173157,0.00013766319898422807
6.750391912646592e-05,0.99952232837677,0.0004101731756236404
0.1063210666179657,0.8932716846466064,0.00040729253669269383
0.004619759973138571,0.9952688813209534,0.00011128381447633728
0.8770468831062317,0.10655499249696732,0.016398176550865173
4.215901208226569e-05,0.9994701743125916,0.0004876910534221679
5.000757300877012e-05,0.9998145699501038,0.00013544580724556
0.001509306370280683,4.338022699812427e-05,0.9984473586082458
0.00010283770097885281,0.9998162388801575,8.093977521639317e-05
0.006343737244606018,0.9927856922149658,0.0008706552907824516
0.8986087441444397,0.0037106124218553305,0.09768059104681015
0.0001760289305821061,0.0001290775544475764,0.9996949434280396
0.9986703395843506,0.0012415648670867085,8.807284757494926e-05
0.00011339820048306137,0.00013543413660954684,0.9997512698173523
0.9992583394050598,0.0005389378638938069,0.0002027487789746374
0.9998413324356079,5.9421276091597974e-05,9.910703374771401e-05
6.161900819279253e-05,0.9998214840888977,0.00011688047379720956
0.9998687505722046,6.243767711566761e-05,6.876199040561914e-05
4.8046782467281446e-05,0.9996664524078369,0.0002855627390090376
0.05533408373594284,0.0024857206735759974,0.9421802759170532
9.31176618905738e-05,0.9997196793556213,0.00018714876205194741
0.9960920214653015,0.0037068717647343874,0.00020111289632041007
0.8071903586387634,0.18727761507034302,0.005532088689506054
0.9998553991317749,5.643340045935474e-05,8.823742246022448e-05
5.454596976051107e-05,0.9998327493667603,0.00011265631474088877
0.0007298870477825403,0.9986459612846375,0.0006241114460863173
0.9993022680282593,0.00013979071809444577,0.0005580111173912883
0.0040548196993768215,0.9955607652664185,0.00038443421362899244
0.00015779283421579748,9.484247129876167e-05,0.9997473359107971
0.0008973737130872905,0.00014413548342417926,0.9989584684371948
5.682553819497116e-05,0.9998420476913452,0.00010110915172845125
0.999826967716217,0.00012388530012685806,4.9175971071235836e-05
0.9958767890930176,0.0020874114707112312,0.002035821322351694
0.8497183322906494,0.14210113883018494,0.008180557750165462
0.0005572644295170903,0.0008408184512518346,0.9986019730567932
0.9998589754104614,7.569250738015398e-05,6.537391163874418e-05
0.999743640422821,0.00012008046905975789,0.00013617156946565956
0.01700260303914547,0.03388062119483948,0.9491167664527893
0.3294523060321808,0.6689144968986511,0.0016332399100065231
0.9325814843177795,0.0006623933441005647,0.06675612926483154
0.0006043429602868855,0.9993094205856323,8.620945300208405e-05
0.9226951003074646,0.041258275508880615,0.03604663908481598
0.9498875737190247,0.049787696450948715,0.0003247703716624528
0.9995373487472534,0.00033061113208532333,0.0001319939037784934
0.9956423044204712,0.004145363811403513,0.00021238400950096548
6.0298305470496416e-05,0.9998036026954651,0.00013606691209133714
0.6078930497169495,0.0017275855643674731,0.39037930965423584
0.0003290644963271916,0.006707102991640568,0.9929637908935547
0.9830887913703918,0.0017446390120312572,0.01516652200371027
4.337000791565515e-05,0.99980229139328,0.00015437979891430587
0.000472776941023767,0.0001813911076169461,0.9993457198143005
0.9942804574966431,0.0014136802637949586,0.004305885173380375
0.0017365380190312862,0.00015576732403133065,0.9981076717376709
0.6588597893714905,0.3405766785144806,0.0005635312991216779
6.350668263621628e-05,0.9993081092834473,0.0006283306865952909
5.6795623095240444e-05,0.9998314380645752,0.00011174558312632143
0.8497183322906494,0.14210113883018494,0.008180557750165462
0.9998384714126587,7.718507549725473e-05,8.421072561759502e-05
0.899124026298523,0.050177983939647675,0.05069797486066818
0.00018800361431203783,0.00015066588821355253,0.9996613264083862
0.9900486469268799,0.009820273146033287,0.00013108784332871437
0.000168591650435701,0.00013825963833369315,0.9996931552886963
0.9979356527328491,0.001984519185498357,7.980742520885542e-05
0.012565837241709232,0.9301221370697021,0.05731198564171791
0.0012703160755336285,0.00019253070058766752,0.9985371828079224
0.0011030627647414804,0.01113894023001194,0.9877580404281616
0.0009339603711850941,0.00032922482932917774,0.9987367987632751
0.00013559512444771826,0.9995974898338318,0.00026695869746617973
0.04829242080450058,0.00716635724529624,0.9445412755012512
0.9997172951698303,0.0002120314456988126,7.062577060423791e-05
0.9998286962509155,7.749482756480575e-05,9.377072274219245e-05
0.999724805355072,5.173954923520796e-05,0.0002234184357803315
0.022249974310398102,0.42380210757255554,0.553947925567627
0.06346011906862259,0.8407745957374573,0.09576535224914551
5.142317968420684e-05,0.9998121857643127,0.00013646417937707156
0.9998708963394165,5.748042531195097e-05,7.162346446420997e-05
0.46453773975372314,0.5347853899002075,0.0006768999737687409
0.002949780086055398,0.9967113733291626,0.00033880939008668065
0.0005687244120053947,0.01592967100441456,0.9835016131401062
0.002306991955265403,0.9974677562713623,0.00022523128427565098
0.0029053573962301016,0.9963950514793396,0.000699598400387913
0.00011681069736368954,0.999797523021698,8.568782504880801e-05
6.222871888894588e-05,0.9998295307159424,0.00010819345334311947
0.9998453855514526,4.998547228751704e-05,0.00010470497363712639
6.759508687537163e-05,0.999743640422821,0.00018880036077462137
6.97791256243363e-05,0.999811589717865,0.0001186224544653669
0.017006361857056618,0.9827422499656677,0.0002514217630960047
5.0155125791206956e-05,0.9996908903121948,0.00025892347912304103
0.000568281568121165,0.10222477465867996,0.8972069621086121
0.8508625626564026,0.1471589356660843,0.001978555927053094
5.614090332528576e-05,0.9998401403427124,0.0001036392422975041
0.0002685396757442504,0.9996628761291504,6.861172732897103e-05
0.0007644486031495035,0.8936440348625183,0.10559149086475372
0.9495413303375244,0.05018517002463341,0.00027342885732650757
0.8497183322906494,0.14210113883018494,0.008180557750165462
8.273764251498505e-05,0.9998108744621277,0.00010644705616869032
0.00014649152581114322,0.9997881054878235,6.546204531332478e-05
0.000153968547238037,0.9997374415397644,0.0001085877520381473
0.006490970961749554,0.9933658242225647,0.00014320052287075669
0.9998403787612915,4.640660699806176e-05,0.00011322437057970092
0.00018518324941396713,0.0009955051355063915,0.9988192915916443
0.9983193278312683,0.00033978847204707563,0.0013408273225650191
0.0002681512269191444,0.9994627833366394,0.0002690801047720015
0.04329236224293709,0.030994869768619537,0.9257127642631531
0.00014488314627669752,0.00010266378376400098,0.9997524619102478
0.0013154427288100123,0.68850177526474,0.3101828098297119
0.7889810800552368,0.00027651633718051016,0.21074239909648895
7.143840775825083e-05,0.9997758269309998,0.00015274503675755113
0.9998589754104614,7.849119720049202e-05,6.248632416827604e-05
0.07958704978227615,0.9195477366447449,0.0008652198011986911
0.0005790519644506276,7.645077857887372e-05,0.9993444085121155
0.997089684009552,0.0027952147647738457,0.00011515888036228716
0.7005543112754822,0.22257782518863678,0.07686793059110641
8.269382669823244e-05,0.0002449653984513134,0.9996722936630249
0.9997979998588562,0.00015282654203474522,4.925893517793156e-05
0.0012190063716843724,0.9921919703483582,0.006589069496840239
0.2181089222431183,0.14205729961395264,0.6398338079452515
0.01759185642004013,0.9821743965148926,0.00023377779871225357
0.00014237832510843873,0.9998020529747009,5.5580421758349985e-05
0.999835729598999,6.436901458073407e-05,9.986539225792512e-05
0.0006254036561585963,0.005349953193217516,0.9940246939659119
0.9997836947441101,7.441289926646277e-05,0.00014200576697476208
0.9998419284820557,0.00010484069207450375,5.315069938660599e-05
0.0018323382828384638,0.0003797354002017528,0.9977878332138062
0.9993441700935364,5.925256118644029e-05,0.00059657939709723
0.00015134754357859492,0.9997425675392151,0.00010613074118737131
0.999869704246521,5.238310041022487e-05,7.795091369189322e-05
0.9981511235237122,0.0008864427218213677,0.0009624226950109005
0.0001356957945972681,0.9997274279594421,0.00013681956625077873
6.874100654385984e-05,0.9998125433921814,0.00011876349890371785
0.00010692013165680692,0.9969323873519897,0.0029606150928884745
0.998993456363678,0.0004164876590948552,0.0005900317337363958
0.0005042940611019731,0.9993483424186707,0.00014740000187885016
0.00043286342406645417,0.00027792330365628004,0.9992891550064087
0.01308869756758213,0.9867842793464661,0.00012698529462795705
0.01902039535343647,0.0008914017234928906,0.9800881743431091
0.9969466328620911,0.0003154950391035527,0.0027378718368709087
4.681461723521352e-05,0.9992006421089172,0.0007525052642449737
0.9998243451118469,8.19755659904331e-05,9.363082790514454e-05
0.0004750025109387934,9.812277130549774e-05,0.9994268417358398
0.002423125086352229,0.9974748492240906,0.00010197647497989237
0.8497183322906494,0.14210113883018494,0.008180557750165462
0.9773377180099487,0.011791877448558807,0.010870394296944141
0.9988417029380798,0.00035008639679290354,0.0008082331041805446
0.007879074662923813,0.9919296503067017,0.00019131743465550244
0.9998072981834412,9.094705455936491e-05,0.00010176216892432421
0.004624591208994389,0.9950866103172302,0.0002887691371142864
0.9982323050498962,0.0013823803747072816,0.0003852769441436976
0.9502097964286804,0.049601152539253235,0.0001890539424493909
0.2290022224187851,0.6938490271568298,0.07714870572090149
4.9719201342668384e-05,0.9997609257698059,0.00018931043450720608
0.0003662938252091408,0.9995455145835876,8.819679351290688e-05
0.9996546506881714,0.00011771049321396276,0.00022761872969567776
0.7687342762947083,0.027743535116314888,0.20352226495742798
0.9985061287879944,0.0012605380034074187,0.00023328997485805303
0.0041001588106155396,0.0002284456422785297,0.9956713914871216
5.153804522706196e-05,0.9998279809951782,0.00012041367153869942
8.883113332558423e-05,0.999795138835907,0.00011601795995375142
0.0001356877910438925,0.00027682079235091805,0.9995874762535095
0.990035891532898,0.007516307290643454,0.002447717124596238
6.32962619420141e-05,0.9998248219490051,0.00011189028737135231
0.9987059831619263,0.0011985355522483587,9.549677633913234e-05
0.6018568277359009,0.002316245576366782,0.39582687616348267
5.592405432253145e-05,0.9996751546859741,0.0002688951208256185
5.678495654137805e-05,0.9996656179428101,0.0002775482425931841
0.9998766183853149,5.2413291996344924e-05,7.096585613908246e-05
0.8497183322906494,0.14210113883018494,0.008180557750165462
4.299798820284195e-05,0.9997151494026184,0.00024184626818168908
0.9995762705802917,0.00039030329207889736,3.3536794944666326e-05
0.9959408044815063,0.003964534029364586,9.470896475249901e-05
8.105863525997847e-05,0.9997559189796448,0.00016304782184306532
0.9998461008071899,3.840021599899046e-05,0.00011554024968063459
0.9963669776916504,0.00011986566096311435,0.0035132085904479027
0.0015170638216659427,0.30528056621551514,0.6932023763656616
5.6713925005169585e-05,0.9998111128807068,0.00013220960681792349
4.758283466799185e-05,0.9993495345115662,0.0006029205396771431
0.9983882904052734,0.0011125399032607675,0.0004991604946553707
7.144744449760765e-05,0.9998268485069275,0.00010176988143939525
0.9415151476860046,0.05830489471554756,0.00017991325876209885
0.00022517082106787711,0.9942600727081299,0.005514755379408598
0.9990915060043335,0.0006777209346182644,0.00023083815176505595
5.427457654150203e-05,0.999821126461029,0.00012464661267586052
0.999803364276886,9.889894863590598e-05,9.775056241778657e-05
9.480186417931691e-05,0.9998301267623901,7.507644477300346e-05
0.020962487906217575,0.9786431193351746,0.00039440402179025114
0.9994195699691772,0.0003743770357687026,0.00020605872850865126
0.05292004719376564,0.9468798041343689,0.00020012952154502273
0.9585667252540588,0.0026749044191092253,0.038758307695388794
0.9992545247077942,0.00066582445288077,7.96113017713651e-05
4.252040889696218e-05,0.9997479319572449,0.00020951266924384981
0.0011483976850286126,9.824142762226984e-05,0.9987534284591675
0.99986732006073,7.97245666035451e-05,5.2892697567585856e-05
0.9995614886283875,5.5183074437081814e-05,0.00038330568349920213
0.9989855885505676,0.0009452415397390723,6.914756522746757e-05
0.9994497895240784,0.0005086840246804059,4.147965955780819e-05
0.9998021721839905,0.00010102106898557395,9.683115058578551e-05
4.9834994570119306e-05,0.9997497200965881,0.00020043246331624687
0.0001626294106245041,0.9997556805610657,8.166430779965594e-05
0.00024913070956245065,0.9996960163116455,5.492497075465508e-05
0.0067297001369297504,0.3409702479839325,0.6523001194000244
0.16411197185516357,0.32387080788612366,0.5120172500610352
0.9996077418327332,0.00032987981103360653,6.246656994335353e-05
0.006540805101394653,0.00946154072880745,0.9839975833892822
0.9998713731765747,5.412047903519124e-05,7.444257062161341e-05
0.9612842798233032,0.00039742508670315146,0.038318242877721786
0.00011309707042528316,0.00023020742810331285,0.9996566772460938
0.8497183322906494,0.14210113883018494,0.008180557750165462
0.014471511356532574,0.9853376746177673,0.00019090084242634475
0.9290869235992432,0.06966807693243027,0.0012450144859030843
0.00011144544259877875,0.0002804312389343977,0.9996082186698914
0.0004618004313670099,0.008350984193384647,0.9911872744560242
0.9998536109924316,8.648959919810295e-05,5.9887024690397084e-05
0.001054938300512731,0.051006004214286804,0.9479390978813171
0.0016116267070174217,9.09144728211686e-05,0.9982975125312805
0.7146899104118347,0.05811174586415291,0.22719839215278625
